   1.0000000e-01	  -1.5666553e+04	   2.7276924e+06	
   1.0435435e-01	  -1.5666507e+04	   2.6138673e+06	
   1.0870871e-01	  -1.5666459e+04	   2.5091605e+06	
   1.1306306e-01	  -1.5666409e+04	   2.4125185e+06	
   1.1741742e-01	  -1.5666357e+04	   2.3230440e+06	
   1.2177177e-01	  -1.5666303e+04	   2.2399681e+06	
   1.2612613e-01	  -1.5666247e+04	   2.1626282e+06	
   1.3048048e-01	  -1.5666189e+04	   2.0904499e+06	
   1.3483483e-01	  -1.5666130e+04	   2.0229332e+06	
   1.3918919e-01	  -1.5666068e+04	   1.9596407e+06	
   1.4354354e-01	  -1.5666004e+04	   1.9001878e+06	
   1.4789790e-01	  -1.5665938e+04	   1.8442354e+06	
   1.5225225e-01	  -1.5665871e+04	   1.7914833e+06	
   1.5660661e-01	  -1.5665801e+04	   1.7416644e+06	
   1.6096096e-01	  -1.5665729e+04	   1.6945408e+06	
   1.6531532e-01	  -1.5665656e+04	   1.6498993e+06	
   1.6966967e-01	  -1.5665580e+04	   1.6075490e+06	
   1.7402402e-01	  -1.5665503e+04	   1.5673179e+06	
   1.7837838e-01	  -1.5665423e+04	   1.5290507e+06	
   1.8273273e-01	  -1.5665342e+04	   1.4926071e+06	
   1.8708709e-01	  -1.5665259e+04	   1.4578597e+06	
   1.9144144e-01	  -1.5665173e+04	   1.4246927e+06	
   1.9579580e-01	  -1.5665086e+04	   1.3930009e+06	
   2.0015015e-01	  -1.5664997e+04	   1.3626878e+06	
   2.0450450e-01	  -1.5664906e+04	   1.3336654e+06	
   2.0885886e-01	  -1.5664812e+04	   1.3058529e+06	
   2.1321321e-01	  -1.5664717e+04	   1.2791763e+06	
   2.1756757e-01	  -1.5664620e+04	   1.2535674e+06	
   2.2192192e-01	  -1.5664521e+04	   1.2289632e+06	
   2.2627628e-01	  -1.5664420e+04	   1.2053059e+06	
   2.3063063e-01	  -1.5664317e+04	   1.1825417e+06	
   2.3498498e-01	  -1.5664212e+04	   1.1606210e+06	
   2.3933934e-01	  -1.5664105e+04	   1.1394978e+06	
   2.4369369e-01	  -1.5663996e+04	   1.1191293e+06	
   2.4804805e-01	  -1.5663886e+04	   1.0994758e+06	
   2.5240240e-01	  -1.5663773e+04	   1.0805003e+06	
   2.5675676e-01	  -1.5663658e+04	   1.0621682e+06	
   2.6111111e-01	  -1.5663541e+04	   1.0444475e+06	
   2.6546547e-01	  -1.5663423e+04	   1.0273079e+06	
   2.6981982e-01	  -1.5663302e+04	   1.0107214e+06	
   2.7417417e-01	  -1.5663179e+04	   9.9466166e+05	
   2.7852853e-01	  -1.5663055e+04	   9.7910391e+05	
   2.8288288e-01	  -1.5662928e+04	   9.6402500e+05	
   2.8723724e-01	  -1.5662800e+04	   9.4940314e+05	
   2.9159159e-01	  -1.5662669e+04	   9.3521786e+05	
   2.9594595e-01	  -1.5662537e+04	   9.2144990e+05	
   3.0030030e-01	  -1.5662403e+04	   9.0808109e+05	
   3.0465465e-01	  -1.5662266e+04	   8.9509432e+05	
   3.0900901e-01	  -1.5662128e+04	   8.8247345e+05	
   3.1336336e-01	  -1.5661988e+04	   8.7020321e+05	
   3.1771772e-01	  -1.5661846e+04	   8.5826920e+05	
   3.2207207e-01	  -1.5661702e+04	   8.4665777e+05	
   3.2642643e-01	  -1.5661555e+04	   8.3535602e+05	
   3.3078078e-01	  -1.5661407e+04	   8.2435171e+05	
   3.3513514e-01	  -1.5661257e+04	   8.1363326e+05	
   3.3948949e-01	  -1.5661105e+04	   8.0318966e+05	
   3.4384384e-01	  -1.5660951e+04	   7.9301047e+05	
   3.4819820e-01	  -1.5660795e+04	   7.8308578e+05	
   3.5255255e-01	  -1.5660638e+04	   7.7340614e+05	
   3.5690691e-01	  -1.5660478e+04	   7.6396260e+05	
   3.6126126e-01	  -1.5660316e+04	   7.5474661e+05	
   3.6561562e-01	  -1.5660152e+04	   7.4575005e+05	
   3.6996997e-01	  -1.5659987e+04	   7.3696517e+05	
   3.7432432e-01	  -1.5659819e+04	   7.2838458e+05	
   3.7867868e-01	  -1.5659649e+04	   7.2000123e+05	
   3.8303303e-01	  -1.5659478e+04	   7.1180839e+05	
   3.8738739e-01	  -1.5659304e+04	   7.0379965e+05	
   3.9174174e-01	  -1.5659129e+04	   6.9596886e+05	
   3.9609610e-01	  -1.5658951e+04	   6.8831016e+05	
   4.0045045e-01	  -1.5658772e+04	   6.8081793e+05	
   4.0480480e-01	  -1.5658590e+04	   6.7348679e+05	
   4.0915916e-01	  -1.5658407e+04	   6.6631161e+05	
   4.1351351e-01	  -1.5658222e+04	   6.5928746e+05	
   4.1786787e-01	  -1.5658035e+04	   6.5240962e+05	
   4.2222222e-01	  -1.5657845e+04	   6.4567356e+05	
   4.2657658e-01	  -1.5657654e+04	   6.3907494e+05	
   4.3093093e-01	  -1.5657461e+04	   6.3260959e+05	
   4.3528529e-01	  -1.5657266e+04	   6.2627351e+05	
   4.3963964e-01	  -1.5657069e+04	   6.2006287e+05	
   4.4399399e-01	  -1.5656870e+04	   6.1397397e+05	
   4.4834835e-01	  -1.5656669e+04	   6.0800326e+05	
   4.5270270e-01	  -1.5656466e+04	   6.0214734e+05	
   4.5705706e-01	  -1.5656261e+04	   5.9640292e+05	
   4.6141141e-01	  -1.5656055e+04	   5.9076685e+05	
   4.6576577e-01	  -1.5655846e+04	   5.8523609e+05	
   4.7012012e-01	  -1.5655635e+04	   5.7980770e+05	
   4.7447447e-01	  -1.5655422e+04	   5.7447889e+05	
   4.7882883e-01	  -1.5655208e+04	   5.6924691e+05	
   4.8318318e-01	  -1.5654991e+04	   5.6410917e+05	
   4.8753754e-01	  -1.5654773e+04	   5.5906313e+05	
   4.9189189e-01	  -1.5654552e+04	   5.5410636e+05	
   4.9624625e-01	  -1.5654330e+04	   5.4923651e+05	
   5.0060060e-01	  -1.5654105e+04	   5.4445131e+05	
   5.0495495e-01	  -1.5653879e+04	   5.3974857e+05	
   5.0930931e-01	  -1.5653651e+04	   5.3512617e+05	
   5.1366366e-01	  -1.5653421e+04	   5.3058208e+05	
   5.1801802e-01	  -1.5653188e+04	   5.2611431e+05	
   5.2237237e-01	  -1.5652954e+04	   5.2172097e+05	
   5.2672673e-01	  -1.5652718e+04	   5.1740020e+05	
   5.3108108e-01	  -1.5652480e+04	   5.1315021e+05	
   5.3543544e-01	  -1.5652240e+04	   5.0896929e+05	
   5.3978979e-01	  -1.5651998e+04	   5.0485576e+05	
   5.4414414e-01	  -1.5651754e+04	   5.0080800e+05	
   5.4849850e-01	  -1.5651508e+04	   4.9682444e+05	
   5.5285285e-01	  -1.5651260e+04	   4.9290358e+05	
   5.5720721e-01	  -1.5651011e+04	   4.8904393e+05	
   5.6156156e-01	  -1.5650759e+04	   4.8524408e+05	
   5.6591592e-01	  -1.5650505e+04	   4.8150264e+05	
   5.7027027e-01	  -1.5650250e+04	   4.7781828e+05	
   5.7462462e-01	  -1.5649992e+04	   4.7418970e+05	
   5.7897898e-01	  -1.5649733e+04	   4.7061564e+05	
   5.8333333e-01	  -1.5649471e+04	   4.6709488e+05	
   5.8768769e-01	  -1.5649208e+04	   4.6362623e+05	
   5.9204204e-01	  -1.5648942e+04	   4.6020855e+05	
   5.9639640e-01	  -1.5648675e+04	   4.5684072e+05	
   6.0075075e-01	  -1.5648406e+04	   4.5352165e+05	
   6.0510511e-01	  -1.5648134e+04	   4.5025030e+05	
   6.0945946e-01	  -1.5647861e+04	   4.4702563e+05	
   6.1381381e-01	  -1.5647586e+04	   4.4384666e+05	
   6.1816817e-01	  -1.5647309e+04	   4.4071243e+05	
   6.2252252e-01	  -1.5647030e+04	   4.3762198e+05	
   6.2687688e-01	  -1.5646749e+04	   4.3457441e+05	
   6.3123123e-01	  -1.5646466e+04	   4.3156883e+05	
   6.3558559e-01	  -1.5646181e+04	   4.2860439e+05	
   6.3993994e-01	  -1.5645894e+04	   4.2568023e+05	
   6.4429429e-01	  -1.5645606e+04	   4.2279554e+05	
   6.4864865e-01	  -1.5645315e+04	   4.1994953e+05	
   6.5300300e-01	  -1.5645022e+04	   4.1714143e+05	
   6.5735736e-01	  -1.5644728e+04	   4.1437047e+05	
   6.6171171e-01	  -1.5644431e+04	   4.1163593e+05	
   6.6606607e-01	  -1.5644133e+04	   4.0893710e+05	
   6.7042042e-01	  -1.5643832e+04	   4.0627327e+05	
   6.7477477e-01	  -1.5643530e+04	   4.0364377e+05	
   6.7912913e-01	  -1.5643225e+04	   4.0104794e+05	
   6.8348348e-01	  -1.5642919e+04	   3.9848514e+05	
   6.8783784e-01	  -1.5642611e+04	   3.9595473e+05	
   6.9219219e-01	  -1.5642301e+04	   3.9345611e+05	
   6.9654655e-01	  -1.5641989e+04	   3.9098868e+05	
   7.0090090e-01	  -1.5641675e+04	   3.8855187e+05	
   7.0525526e-01	  -1.5641359e+04	   3.8614509e+05	
   7.0960961e-01	  -1.5641041e+04	   3.8376780e+05	
   7.1396396e-01	  -1.5640721e+04	   3.8141947e+05	
   7.1831832e-01	  -1.5640399e+04	   3.7909956e+05	
   7.2267267e-01	  -1.5640075e+04	   3.7680755e+05	
   7.2702703e-01	  -1.5639749e+04	   3.7454296e+05	
   7.3138138e-01	  -1.5639422e+04	   3.7230528e+05	
   7.3573574e-01	  -1.5639092e+04	   3.7009405e+05	
   7.4009009e-01	  -1.5638760e+04	   3.6790879e+05	
   7.4444444e-01	  -1.5638427e+04	   3.6574905e+05	
   7.4879880e-01	  -1.5638092e+04	   3.6361438e+05	
   7.5315315e-01	  -1.5637754e+04	   3.6150435e+05	
   7.5750751e-01	  -1.5637415e+04	   3.5941853e+05	
   7.6186186e-01	  -1.5637074e+04	   3.5735651e+05	
   7.6621622e-01	  -1.5636730e+04	   3.5531788e+05	
   7.7057057e-01	  -1.5636385e+04	   3.5330225e+05	
   7.7492492e-01	  -1.5636038e+04	   3.5130923e+05	
   7.7927928e-01	  -1.5635689e+04	   3.4933844e+05	
   7.8363363e-01	  -1.5635338e+04	   3.4738950e+05	
   7.8798799e-01	  -1.5634985e+04	   3.4546207e+05	
   7.9234234e-01	  -1.5634630e+04	   3.4355577e+05	
   7.9669670e-01	  -1.5634274e+04	   3.4167027e+05	
   8.0105105e-01	  -1.5633915e+04	   3.3980523e+05	
   8.0540541e-01	  -1.5633554e+04	   3.3796031e+05	
   8.0975976e-01	  -1.5633192e+04	   3.3613519e+05	
   8.1411411e-01	  -1.5632827e+04	   3.3432955e+05	
   8.1846847e-01	  -1.5632461e+04	   3.3254308e+05	
   8.2282282e-01	  -1.5632092e+04	   3.3077549e+05	
   8.2717718e-01	  -1.5631722e+04	   3.2902645e+05	
   8.3153153e-01	  -1.5631349e+04	   3.2729570e+05	
   8.3588589e-01	  -1.5630975e+04	   3.2558294e+05	
   8.4024024e-01	  -1.5630599e+04	   3.2388789e+05	
   8.4459459e-01	  -1.5630221e+04	   3.2221028e+05	
   8.4894895e-01	  -1.5629841e+04	   3.2054984e+05	
   8.5330330e-01	  -1.5629459e+04	   3.1890630e+05	
   8.5765766e-01	  -1.5629075e+04	   3.1727942e+05	
   8.6201201e-01	  -1.5628689e+04	   3.1566893e+05	
   8.6636637e-01	  -1.5628301e+04	   3.1407459e+05	
   8.7072072e-01	  -1.5627912e+04	   3.1249616e+05	
   8.7507508e-01	  -1.5627520e+04	   3.1093340e+05	
   8.7942943e-01	  -1.5627126e+04	   3.0938607e+05	
   8.8378378e-01	  -1.5626731e+04	   3.0785396e+05	
   8.8813814e-01	  -1.5626333e+04	   3.0633683e+05	
   8.9249249e-01	  -1.5625934e+04	   3.0483446e+05	
   8.9684685e-01	  -1.5625533e+04	   3.0334665e+05	
   9.0120120e-01	  -1.5625130e+04	   3.0187318e+05	
   9.0555556e-01	  -1.5624724e+04	   3.0041384e+05	
   9.0990991e-01	  -1.5624317e+04	   2.9896843e+05	
   9.1426426e-01	  -1.5623908e+04	   2.9753675e+05	
   9.1861862e-01	  -1.5623497e+04	   2.9611861e+05	
   9.2297297e-01	  -1.5623084e+04	   2.9471381e+05	
   9.2732733e-01	  -1.5622669e+04	   2.9332217e+05	
   9.3168168e-01	  -1.5622253e+04	   2.9194350e+05	
   9.3603604e-01	  -1.5621834e+04	   2.9057762e+05	
   9.4039039e-01	  -1.5621413e+04	   2.8922436e+05	
   9.4474474e-01	  -1.5620991e+04	   2.8788354e+05	
   9.4909910e-01	  -1.5620566e+04	   2.8655498e+05	
   9.5345345e-01	  -1.5620140e+04	   2.8523852e+05	
   9.5780781e-01	  -1.5619712e+04	   2.8393400e+05	
   9.6216216e-01	  -1.5619281e+04	   2.8264125e+05	
   9.6651652e-01	  -1.5618849e+04	   2.8136011e+05	
   9.7087087e-01	  -1.5618415e+04	   2.8009043e+05	
   9.7522523e-01	  -1.5617979e+04	   2.7883205e+05	
   9.7957958e-01	  -1.5617541e+04	   2.7758483e+05	
   9.8393393e-01	  -1.5617101e+04	   2.7634861e+05	
   9.8828829e-01	  -1.5616659e+04	   2.7512325e+05	
   9.9264264e-01	  -1.5616216e+04	   2.7390861e+05	
   9.9699700e-01	  -1.5615770e+04	   2.7270454e+05	
   1.0013514e+00	  -1.5615322e+04	   2.7151092e+05	
   1.0057057e+00	  -1.5614873e+04	   2.7032759e+05	
   1.0100601e+00	  -1.5614421e+04	   2.6915444e+05	
   1.0144144e+00	  -1.5613968e+04	   2.6799132e+05	
   1.0187688e+00	  -1.5613513e+04	   2.6683811e+05	
   1.0231231e+00	  -1.5613055e+04	   2.6569469e+05	
   1.0274775e+00	  -1.5612596e+04	   2.6456092e+05	
   1.0318318e+00	  -1.5612135e+04	   2.6343669e+05	
   1.0361862e+00	  -1.5611672e+04	   2.6232188e+05	
   1.0405405e+00	  -1.5611207e+04	   2.6121637e+05	
   1.0448949e+00	  -1.5610740e+04	   2.6012004e+05	
   1.0492492e+00	  -1.5610272e+04	   2.5903277e+05	
   1.0536036e+00	  -1.5609801e+04	   2.5795446e+05	
   1.0579580e+00	  -1.5609328e+04	   2.5688500e+05	
   1.0623123e+00	  -1.5608854e+04	   2.5582427e+05	
   1.0666667e+00	  -1.5608377e+04	   2.5477217e+05	
   1.0710210e+00	  -1.5607899e+04	   2.5372859e+05	
   1.0753754e+00	  -1.5607419e+04	   2.5269344e+05	
   1.0797297e+00	  -1.5606936e+04	   2.5166660e+05	
   1.0840841e+00	  -1.5606452e+04	   2.5064798e+05	
   1.0884384e+00	  -1.5605966e+04	   2.4963748e+05	
   1.0927928e+00	  -1.5605478e+04	   2.4863500e+05	
   1.0971471e+00	  -1.5604988e+04	   2.4764045e+05	
   1.1015015e+00	  -1.5604497e+04	   2.4665373e+05	
   1.1058559e+00	  -1.5604003e+04	   2.4567476e+05	
   1.1102102e+00	  -1.5603507e+04	   2.4470343e+05	
   1.1145646e+00	  -1.5603010e+04	   2.4373966e+05	
   1.1189189e+00	  -1.5602510e+04	   2.4278336e+05	
   1.1232733e+00	  -1.5602009e+04	   2.4183445e+05	
   1.1276276e+00	  -1.5601506e+04	   2.4089283e+05	
   1.1319820e+00	  -1.5601000e+04	   2.3995843e+05	
   1.1363363e+00	  -1.5600493e+04	   2.3903117e+05	
   1.1406907e+00	  -1.5599984e+04	   2.3811095e+05	
   1.1450450e+00	  -1.5599473e+04	   2.3719770e+05	
   1.1493994e+00	  -1.5598961e+04	   2.3629134e+05	
   1.1537538e+00	  -1.5598446e+04	   2.3539180e+05	
   1.1581081e+00	  -1.5597929e+04	   2.3449899e+05	
   1.1624625e+00	  -1.5597410e+04	   2.3361284e+05	
   1.1668168e+00	  -1.5596890e+04	   2.3273328e+05	
   1.1711712e+00	  -1.5596368e+04	   2.3186023e+05	
   1.1755255e+00	  -1.5595843e+04	   2.3099361e+05	
   1.1798799e+00	  -1.5595317e+04	   2.3013337e+05	
   1.1842342e+00	  -1.5594789e+04	   2.2927942e+05	
   1.1885886e+00	  -1.5594259e+04	   2.2843171e+05	
   1.1929429e+00	  -1.5593727e+04	   2.2759015e+05	
   1.1972973e+00	  -1.5593193e+04	   2.2675469e+05	
   1.2016517e+00	  -1.5592657e+04	   2.2592525e+05	
   1.2060060e+00	  -1.5592119e+04	   2.2510178e+05	
   1.2103604e+00	  -1.5591580e+04	   2.2428420e+05	
   1.2147147e+00	  -1.5591038e+04	   2.2347246e+05	
   1.2190691e+00	  -1.5590495e+04	   2.2266649e+05	
   1.2234234e+00	  -1.5589950e+04	   2.2186623e+05	
   1.2277778e+00	  -1.5589402e+04	   2.2107162e+05	
   1.2321321e+00	  -1.5588853e+04	   2.2028259e+05	
   1.2364865e+00	  -1.5588302e+04	   2.1949910e+05	
   1.2408408e+00	  -1.5587749e+04	   2.1872108e+05	
   1.2451952e+00	  -1.5587194e+04	   2.1794848e+05	
   1.2495495e+00	  -1.5586638e+04	   2.1718123e+05	
   1.2539039e+00	  -1.5586079e+04	   2.1641929e+05	
   1.2582583e+00	  -1.5585519e+04	   2.1566259e+05	
   1.2626126e+00	  -1.5584956e+04	   2.1491109e+05	
   1.2669670e+00	  -1.5584392e+04	   2.1416472e+05	
   1.2713213e+00	  -1.5583825e+04	   2.1342345e+05	
   1.2756757e+00	  -1.5583257e+04	   2.1268720e+05	
   1.2800300e+00	  -1.5582687e+04	   2.1195594e+05	
   1.2843844e+00	  -1.5582115e+04	   2.1122962e+05	
   1.2887387e+00	  -1.5581541e+04	   2.1050817e+05	
   1.2930931e+00	  -1.5580966e+04	   2.0979156e+05	
   1.2974474e+00	  -1.5580388e+04	   2.0907973e+05	
   1.3018018e+00	  -1.5579808e+04	   2.0837264e+05	
   1.3061562e+00	  -1.5579227e+04	   2.0767024e+05	
   1.3105105e+00	  -1.5578644e+04	   2.0697248e+05	
   1.3148649e+00	  -1.5578058e+04	   2.0627932e+05	
   1.3192192e+00	  -1.5577471e+04	   2.0559071e+05	
   1.3235736e+00	  -1.5576882e+04	   2.0490660e+05	
   1.3279279e+00	  -1.5576291e+04	   2.0422696e+05	
   1.3322823e+00	  -1.5575698e+04	   2.0355173e+05	
   1.3366366e+00	  -1.5575104e+04	   2.0288088e+05	
   1.3409910e+00	  -1.5574507e+04	   2.0221436e+05	
   1.3453453e+00	  -1.5573908e+04	   2.0155213e+05	
   1.3496997e+00	  -1.5573308e+04	   2.0089415e+05	
   1.3540541e+00	  -1.5572706e+04	   2.0024038e+05	
   1.3584084e+00	  -1.5572101e+04	   1.9959077e+05	
   1.3627628e+00	  -1.5571495e+04	   1.9894529e+05	
   1.3671171e+00	  -1.5570887e+04	   1.9830390e+05	
   1.3714715e+00	  -1.5570277e+04	   1.9766656e+05	
   1.3758258e+00	  -1.5569666e+04	   1.9703322e+05	
   1.3801802e+00	  -1.5569052e+04	   1.9640386e+05	
   1.3845345e+00	  -1.5568436e+04	   1.9577844e+05	
   1.3888889e+00	  -1.5567819e+04	   1.9515691e+05	
   1.3932432e+00	  -1.5567200e+04	   1.9453925e+05	
   1.3975976e+00	  -1.5566578e+04	   1.9392541e+05	
   1.4019520e+00	  -1.5565955e+04	   1.9331535e+05	
   1.4063063e+00	  -1.5565330e+04	   1.9270906e+05	
   1.4106607e+00	  -1.5564703e+04	   1.9210648e+05	
   1.4150150e+00	  -1.5564075e+04	   1.9150759e+05	
   1.4193694e+00	  -1.5563444e+04	   1.9091235e+05	
   1.4237237e+00	  -1.5562811e+04	   1.9032073e+05	
   1.4280781e+00	  -1.5562177e+04	   1.8973269e+05	
   1.4324324e+00	  -1.5561541e+04	   1.8914820e+05	
   1.4367868e+00	  -1.5560902e+04	   1.8856724e+05	
   1.4411411e+00	  -1.5560262e+04	   1.8798976e+05	
   1.4454955e+00	  -1.5559620e+04	   1.8741574e+05	
   1.4498498e+00	  -1.5558976e+04	   1.8684515e+05	
   1.4542042e+00	  -1.5558331e+04	   1.8627794e+05	
   1.4585586e+00	  -1.5557683e+04	   1.8571411e+05	
   1.4629129e+00	  -1.5557034e+04	   1.8515361e+05	
   1.4672673e+00	  -1.5556382e+04	   1.8459641e+05	
   1.4716216e+00	  -1.5555729e+04	   1.8404248e+05	
   1.4759760e+00	  -1.5555074e+04	   1.8349181e+05	
   1.4803303e+00	  -1.5554417e+04	   1.8294435e+05	
   1.4846847e+00	  -1.5553758e+04	   1.8240008e+05	
   1.4890390e+00	  -1.5553097e+04	   1.8185897e+05	
   1.4933934e+00	  -1.5552434e+04	   1.8132099e+05	
   1.4977477e+00	  -1.5551770e+04	   1.8078612e+05	
   1.5021021e+00	  -1.5551103e+04	   1.8025433e+05	
   1.5064565e+00	  -1.5550435e+04	   1.7972560e+05	
   1.5108108e+00	  -1.5549765e+04	   1.7919989e+05	
   1.5151652e+00	  -1.5549093e+04	   1.7867717e+05	
   1.5195195e+00	  -1.5548419e+04	   1.7815744e+05	
   1.5238739e+00	  -1.5547743e+04	   1.7764065e+05	
   1.5282282e+00	  -1.5547065e+04	   1.7712679e+05	
   1.5325826e+00	  -1.5546386e+04	   1.7661582e+05	
   1.5369369e+00	  -1.5545704e+04	   1.7610773e+05	
   1.5412913e+00	  -1.5545021e+04	   1.7560249e+05	
   1.5456456e+00	  -1.5544336e+04	   1.7510007e+05	
   1.5500000e+00	  -1.5543649e+04	   1.7460046e+05	
   1.5543544e+00	  -1.5542960e+04	   1.7410362e+05	
   1.5587087e+00	  -1.5542269e+04	   1.7360954e+05	
   1.5630631e+00	  -1.5541576e+04	   1.7311819e+05	
   1.5674174e+00	  -1.5540882e+04	   1.7262955e+05	
   1.5717718e+00	  -1.5540185e+04	   1.7214360e+05	
   1.5761261e+00	  -1.5539487e+04	   1.7166031e+05	
   1.5804805e+00	  -1.5538787e+04	   1.7117966e+05	
   1.5848348e+00	  -1.5538085e+04	   1.7070163e+05	
   1.5891892e+00	  -1.5537381e+04	   1.7022621e+05	
   1.5935435e+00	  -1.5536675e+04	   1.6975336e+05	
   1.5978979e+00	  -1.5535968e+04	   1.6928307e+05	
   1.6022523e+00	  -1.5535258e+04	   1.6881531e+05	
   1.6066066e+00	  -1.5534547e+04	   1.6835007e+05	
   1.6109610e+00	  -1.5533834e+04	   1.6788732e+05	
   1.6153153e+00	  -1.5533119e+04	   1.6742705e+05	
   1.6196697e+00	  -1.5532402e+04	   1.6696924e+05	
   1.6240240e+00	  -1.5531683e+04	   1.6651385e+05	
   1.6283784e+00	  -1.5530962e+04	   1.6606089e+05	
   1.6327327e+00	  -1.5530240e+04	   1.6561032e+05	
   1.6370871e+00	  -1.5529515e+04	   1.6516213e+05	
   1.6414414e+00	  -1.5528789e+04	   1.6471629e+05	
   1.6457958e+00	  -1.5528061e+04	   1.6427280e+05	
   1.6501502e+00	  -1.5527331e+04	   1.6383162e+05	
   1.6545045e+00	  -1.5526599e+04	   1.6339275e+05	
   1.6588589e+00	  -1.5525865e+04	   1.6295616e+05	
   1.6632132e+00	  -1.5525130e+04	   1.6252184e+05	
   1.6675676e+00	  -1.5524392e+04	   1.6208977e+05	
   1.6719219e+00	  -1.5523653e+04	   1.6165993e+05	
   1.6762763e+00	  -1.5522912e+04	   1.6123230e+05	
   1.6806306e+00	  -1.5522169e+04	   1.6080687e+05	
   1.6849850e+00	  -1.5521424e+04	   1.6038362e+05	
   1.6893393e+00	  -1.5520678e+04	   1.5996254e+05	
   1.6936937e+00	  -1.5519929e+04	   1.5954359e+05	
   1.6980480e+00	  -1.5519179e+04	   1.5912678e+05	
   1.7024024e+00	  -1.5518426e+04	   1.5871208e+05	
   1.7067568e+00	  -1.5517672e+04	   1.5829948e+05	
   1.7111111e+00	  -1.5516916e+04	   1.5788896e+05	
   1.7154655e+00	  -1.5516158e+04	   1.5748051e+05	
   1.7198198e+00	  -1.5515399e+04	   1.5707410e+05	
   1.7241742e+00	  -1.5514637e+04	   1.5666973e+05	
   1.7285285e+00	  -1.5513874e+04	   1.5626738e+05	
   1.7328829e+00	  -1.5513109e+04	   1.5586703e+05	
   1.7372372e+00	  -1.5512342e+04	   1.5546867e+05	
   1.7415916e+00	  -1.5511573e+04	   1.5507228e+05	
   1.7459459e+00	  -1.5510802e+04	   1.5467785e+05	
   1.7503003e+00	  -1.5510029e+04	   1.5428537e+05	
   1.7546547e+00	  -1.5509255e+04	   1.5389481e+05	
   1.7590090e+00	  -1.5508478e+04	   1.5350617e+05	
   1.7633634e+00	  -1.5507700e+04	   1.5311943e+05	
   1.7677177e+00	  -1.5506920e+04	   1.5273458e+05	
   1.7720721e+00	  -1.5506138e+04	   1.5235161e+05	
   1.7764264e+00	  -1.5505355e+04	   1.5197049e+05	
   1.7807808e+00	  -1.5504569e+04	   1.5159121e+05	
   1.7851351e+00	  -1.5503782e+04	   1.5121377e+05	
   1.7894895e+00	  -1.5502993e+04	   1.5083815e+05	
   1.7938438e+00	  -1.5502202e+04	   1.5046434e+05	
   1.7981982e+00	  -1.5501409e+04	   1.5009231e+05	
   1.8025526e+00	  -1.5500614e+04	   1.4972207e+05	
   1.8069069e+00	  -1.5499817e+04	   1.4935359e+05	
   1.8112613e+00	  -1.5499019e+04	   1.4898687e+05	
   1.8156156e+00	  -1.5498219e+04	   1.4862189e+05	
   1.8199700e+00	  -1.5497417e+04	   1.4825864e+05	
   1.8243243e+00	  -1.5496613e+04	   1.4789710e+05	
   1.8286787e+00	  -1.5495807e+04	   1.4753727e+05	
   1.8330330e+00	  -1.5494999e+04	   1.4717913e+05	
   1.8373874e+00	  -1.5494190e+04	   1.4682267e+05	
   1.8417417e+00	  -1.5493378e+04	   1.4646788e+05	
   1.8460961e+00	  -1.5492565e+04	   1.4611474e+05	
   1.8504505e+00	  -1.5491750e+04	   1.4576325e+05	
   1.8548048e+00	  -1.5490934e+04	   1.4541339e+05	
   1.8591592e+00	  -1.5490115e+04	   1.4506516e+05	
   1.8635135e+00	  -1.5489294e+04	   1.4471853e+05	
   1.8678679e+00	  -1.5488472e+04	   1.4437351e+05	
   1.8722222e+00	  -1.5487648e+04	   1.4403007e+05	
   1.8765766e+00	  -1.5486822e+04	   1.4368821e+05	
   1.8809309e+00	  -1.5485994e+04	   1.4334791e+05	
   1.8852853e+00	  -1.5485165e+04	   1.4300917e+05	
   1.8896396e+00	  -1.5484333e+04	   1.4267197e+05	
   1.8939940e+00	  -1.5483500e+04	   1.4233631e+05	
   1.8983483e+00	  -1.5482665e+04	   1.4200217e+05	
   1.9027027e+00	  -1.5481828e+04	   1.4166954e+05	
   1.9070571e+00	  -1.5480989e+04	   1.4133842e+05	
   1.9114114e+00	  -1.5480149e+04	   1.4100879e+05	
   1.9157658e+00	  -1.5479306e+04	   1.4068063e+05	
   1.9201201e+00	  -1.5478462e+04	   1.4035396e+05	
   1.9244745e+00	  -1.5477616e+04	   1.4002874e+05	
   1.9288288e+00	  -1.5476768e+04	   1.3970497e+05	
   1.9331832e+00	  -1.5475918e+04	   1.3938265e+05	
   1.9375375e+00	  -1.5475067e+04	   1.3906176e+05	
   1.9418919e+00	  -1.5474213e+04	   1.3874229e+05	
   1.9462462e+00	  -1.5473358e+04	   1.3842424e+05	
   1.9506006e+00	  -1.5472501e+04	   1.3810759e+05	
   1.9549550e+00	  -1.5471643e+04	   1.3779233e+05	
   1.9593093e+00	  -1.5470782e+04	   1.3747846e+05	
   1.9636637e+00	  -1.5469919e+04	   1.3716596e+05	
   1.9680180e+00	  -1.5469055e+04	   1.3685483e+05	
   1.9723724e+00	  -1.5468189e+04	   1.3654506e+05	
   1.9767267e+00	  -1.5467321e+04	   1.3623664e+05	
   1.9810811e+00	  -1.5466451e+04	   1.3592956e+05	
   1.9854354e+00	  -1.5465580e+04	   1.3562380e+05	
   1.9897898e+00	  -1.5464707e+04	   1.3531937e+05	
   1.9941441e+00	  -1.5463831e+04	   1.3501626e+05	
   1.9984985e+00	  -1.5462954e+04	   1.3471445e+05	
   2.0028529e+00	  -1.5462076e+04	   1.3441393e+05	
   2.0072072e+00	  -1.5461195e+04	   1.3411471e+05	
   2.0115616e+00	  -1.5460313e+04	   1.3381676e+05	
   2.0159159e+00	  -1.5459428e+04	   1.3352009e+05	
   2.0202703e+00	  -1.5458542e+04	   1.3322468e+05	
   2.0246246e+00	  -1.5457655e+04	   1.3293052e+05	
   2.0289790e+00	  -1.5456765e+04	   1.3263761e+05	
   2.0333333e+00	  -1.5455873e+04	   1.3234594e+05	
   2.0376877e+00	  -1.5454980e+04	   1.3205550e+05	
   2.0420420e+00	  -1.5454085e+04	   1.3176629e+05	
   2.0463964e+00	  -1.5453188e+04	   1.3147829e+05	
   2.0507508e+00	  -1.5452290e+04	   1.3119149e+05	
   2.0551051e+00	  -1.5451389e+04	   1.3090590e+05	
   2.0594595e+00	  -1.5450487e+04	   1.3062150e+05	
   2.0638138e+00	  -1.5449583e+04	   1.3033829e+05	
   2.0681682e+00	  -1.5448677e+04	   1.3005625e+05	
   2.0725225e+00	  -1.5447769e+04	   1.2977538e+05	
   2.0768769e+00	  -1.5446859e+04	   1.2949567e+05	
   2.0812312e+00	  -1.5445948e+04	   1.2921712e+05	
   2.0855856e+00	  -1.5445035e+04	   1.2893972e+05	
   2.0899399e+00	  -1.5444120e+04	   1.2866346e+05	
   2.0942943e+00	  -1.5443203e+04	   1.2838833e+05	
   2.0986486e+00	  -1.5442285e+04	   1.2811433e+05	
   2.1030030e+00	  -1.5441365e+04	   1.2784145e+05	
   2.1073574e+00	  -1.5440442e+04	   1.2756969e+05	
   2.1117117e+00	  -1.5439519e+04	   1.2729902e+05	
   2.1160661e+00	  -1.5438593e+04	   1.2702946e+05	
   2.1204204e+00	  -1.5437665e+04	   1.2676099e+05	
   2.1247748e+00	  -1.5436736e+04	   1.2649361e+05	
   2.1291291e+00	  -1.5435805e+04	   1.2622730e+05	
   2.1334835e+00	  -1.5434872e+04	   1.2596207e+05	
   2.1378378e+00	  -1.5433937e+04	   1.2569790e+05	
   2.1421922e+00	  -1.5433001e+04	   1.2543479e+05	
   2.1465465e+00	  -1.5432063e+04	   1.2517274e+05	
   2.1509009e+00	  -1.5431123e+04	   1.2491173e+05	
   2.1552553e+00	  -1.5430181e+04	   1.2465176e+05	
   2.1596096e+00	  -1.5429237e+04	   1.2439283e+05	
   2.1639640e+00	  -1.5428292e+04	   1.2413492e+05	
   2.1683183e+00	  -1.5427345e+04	   1.2387803e+05	
   2.1726727e+00	  -1.5426396e+04	   1.2362216e+05	
   2.1770270e+00	  -1.5425445e+04	   1.2336730e+05	
   2.1813814e+00	  -1.5424492e+04	   1.2311345e+05	
   2.1857357e+00	  -1.5423538e+04	   1.2286059e+05	
   2.1900901e+00	  -1.5422582e+04	   1.2260872e+05	
   2.1944444e+00	  -1.5421624e+04	   1.2235783e+05	
   2.1987988e+00	  -1.5420664e+04	   1.2210793e+05	
   2.2031532e+00	  -1.5419703e+04	   1.2185900e+05	
   2.2075075e+00	  -1.5418739e+04	   1.2161104e+05	
   2.2118619e+00	  -1.5417774e+04	   1.2136404e+05	
   2.2162162e+00	  -1.5416807e+04	   1.2111800e+05	
   2.2205706e+00	  -1.5415839e+04	   1.2087290e+05	
   2.2249249e+00	  -1.5414868e+04	   1.2062876e+05	
   2.2292793e+00	  -1.5413896e+04	   1.2038555e+05	
   2.2336336e+00	  -1.5412922e+04	   1.2014328e+05	
   2.2379880e+00	  -1.5411947e+04	   1.1990193e+05	
   2.2423423e+00	  -1.5410969e+04	   1.1966151e+05	
   2.2466967e+00	  -1.5409990e+04	   1.1942201e+05	
   2.2510511e+00	  -1.5409009e+04	   1.1918342e+05	
   2.2554054e+00	  -1.5408026e+04	   1.1894574e+05	
   2.2597598e+00	  -1.5407041e+04	   1.1870896e+05	
   2.2641141e+00	  -1.5406055e+04	   1.1847308e+05	
   2.2684685e+00	  -1.5405067e+04	   1.1823809e+05	
   2.2728228e+00	  -1.5404077e+04	   1.1800399e+05	
   2.2771772e+00	  -1.5403085e+04	   1.1777077e+05	
   2.2815315e+00	  -1.5402092e+04	   1.1753842e+05	
   2.2858859e+00	  -1.5401097e+04	   1.1730695e+05	
   2.2902402e+00	  -1.5400100e+04	   1.1707634e+05	
   2.2945946e+00	  -1.5399101e+04	   1.1684660e+05	
   2.2989489e+00	  -1.5398100e+04	   1.1661771e+05	
   2.3033033e+00	  -1.5397098e+04	   1.1638967e+05	
   2.3076577e+00	  -1.5396094e+04	   1.1616249e+05	
   2.3120120e+00	  -1.5395088e+04	   1.1593614e+05	
   2.3163664e+00	  -1.5394081e+04	   1.1571063e+05	
   2.3207207e+00	  -1.5393071e+04	   1.1548596e+05	
   2.3250751e+00	  -1.5392060e+04	   1.1526211e+05	
   2.3294294e+00	  -1.5391047e+04	   1.1503909e+05	
   2.3337838e+00	  -1.5390033e+04	   1.1481688e+05	
   2.3381381e+00	  -1.5389016e+04	   1.1459549e+05	
   2.3424925e+00	  -1.5387998e+04	   1.1437492e+05	
   2.3468468e+00	  -1.5386978e+04	   1.1415514e+05	
   2.3512012e+00	  -1.5385956e+04	   1.1393617e+05	
   2.3555556e+00	  -1.5384933e+04	   1.1371799e+05	
   2.3599099e+00	  -1.5383908e+04	   1.1350061e+05	
   2.3642643e+00	  -1.5382881e+04	   1.1328401e+05	
   2.3686186e+00	  -1.5381852e+04	   1.1306820e+05	
   2.3729730e+00	  -1.5380822e+04	   1.1285317e+05	
   2.3773273e+00	  -1.5379789e+04	   1.1263891e+05	
   2.3816817e+00	  -1.5378755e+04	   1.1242542e+05	
   2.3860360e+00	  -1.5377720e+04	   1.1221270e+05	
   2.3903904e+00	  -1.5376682e+04	   1.1200074e+05	
   2.3947447e+00	  -1.5375643e+04	   1.1178954e+05	
   2.3990991e+00	  -1.5374602e+04	   1.1157909e+05	
   2.4034535e+00	  -1.5373559e+04	   1.1136939e+05	
   2.4078078e+00	  -1.5372515e+04	   1.1116044e+05	
   2.4121622e+00	  -1.5371469e+04	   1.1095223e+05	
   2.4165165e+00	  -1.5370421e+04	   1.1074476e+05	
   2.4208709e+00	  -1.5369371e+04	   1.1053802e+05	
   2.4252252e+00	  -1.5368319e+04	   1.1033201e+05	
   2.4295796e+00	  -1.5367266e+04	   1.1012673e+05	
   2.4339339e+00	  -1.5366211e+04	   1.0992217e+05	
   2.4382883e+00	  -1.5365155e+04	   1.0971832e+05	
   2.4426426e+00	  -1.5364096e+04	   1.0951520e+05	
   2.4469970e+00	  -1.5363036e+04	   1.0931278e+05	
   2.4513514e+00	  -1.5361974e+04	   1.0911107e+05	
   2.4557057e+00	  -1.5360910e+04	   1.0891006e+05	
   2.4600601e+00	  -1.5359845e+04	   1.0870975e+05	
   2.4644144e+00	  -1.5358778e+04	   1.0851014e+05	
   2.4687688e+00	  -1.5357709e+04	   1.0831122e+05	
   2.4731231e+00	  -1.5356638e+04	   1.0811298e+05	
   2.4774775e+00	  -1.5355566e+04	   1.0791544e+05	
   2.4818318e+00	  -1.5354492e+04	   1.0771857e+05	
   2.4861862e+00	  -1.5353416e+04	   1.0752238e+05	
   2.4905405e+00	  -1.5352338e+04	   1.0732686e+05	
   2.4948949e+00	  -1.5351259e+04	   1.0713202e+05	
   2.4992492e+00	  -1.5350178e+04	   1.0693784e+05	
   2.5036036e+00	  -1.5349095e+04	   1.0674432e+05	
   2.5079580e+00	  -1.5348011e+04	   1.0655147e+05	
   2.5123123e+00	  -1.5346925e+04	   1.0635927e+05	
   2.5166667e+00	  -1.5345837e+04	   1.0616772e+05	
   2.5210210e+00	  -1.5344747e+04	   1.0597683e+05	
   2.5253754e+00	  -1.5343655e+04	   1.0578658e+05	
   2.5297297e+00	  -1.5342562e+04	   1.0559697e+05	
   2.5340841e+00	  -1.5341467e+04	   1.0540801e+05	
   2.5384384e+00	  -1.5340371e+04	   1.0521968e+05	
   2.5427928e+00	  -1.5339273e+04	   1.0503198e+05	
   2.5471471e+00	  -1.5338172e+04	   1.0484491e+05	
   2.5515015e+00	  -1.5337071e+04	   1.0465847e+05	
   2.5558559e+00	  -1.5335967e+04	   1.0447265e+05	
   2.5602102e+00	  -1.5334862e+04	   1.0428746e+05	
   2.5645646e+00	  -1.5333755e+04	   1.0410288e+05	
   2.5689189e+00	  -1.5332646e+04	   1.0391891e+05	
   2.5732733e+00	  -1.5331536e+04	   1.0373556e+05	
   2.5776276e+00	  -1.5330424e+04	   1.0355281e+05	
   2.5819820e+00	  -1.5329310e+04	   1.0337067e+05	
   2.5863363e+00	  -1.5328195e+04	   1.0318913e+05	
   2.5906907e+00	  -1.5327077e+04	   1.0300819e+05	
   2.5950450e+00	  -1.5325958e+04	   1.0282785e+05	
   2.5993994e+00	  -1.5324838e+04	   1.0264809e+05	
   2.6037538e+00	  -1.5323715e+04	   1.0246893e+05	
   2.6081081e+00	  -1.5322591e+04	   1.0229035e+05	
   2.6124625e+00	  -1.5321465e+04	   1.0211236e+05	
   2.6168168e+00	  -1.5320338e+04	   1.0193495e+05	
   2.6211712e+00	  -1.5319208e+04	   1.0175812e+05	
   2.6255255e+00	  -1.5318078e+04	   1.0158186e+05	
   2.6298799e+00	  -1.5316945e+04	   1.0140617e+05	
   2.6342342e+00	  -1.5315810e+04	   1.0123106e+05	
   2.6385886e+00	  -1.5314674e+04	   1.0105651e+05	
   2.6429429e+00	  -1.5313537e+04	   1.0088252e+05	
   2.6472973e+00	  -1.5312397e+04	   1.0070910e+05	
   2.6516517e+00	  -1.5311256e+04	   1.0053623e+05	
   2.6560060e+00	  -1.5310113e+04	   1.0036392e+05	
   2.6603604e+00	  -1.5308968e+04	   1.0019217e+05	
   2.6647147e+00	  -1.5307822e+04	   1.0002096e+05	
   2.6690691e+00	  -1.5306674e+04	   9.9850298e+04	
   2.6734234e+00	  -1.5305524e+04	   9.9680184e+04	
   2.6777778e+00	  -1.5304373e+04	   9.9510611e+04	
   2.6821321e+00	  -1.5303220e+04	   9.9341578e+04	
   2.6864865e+00	  -1.5302065e+04	   9.9173082e+04	
   2.6908408e+00	  -1.5300908e+04	   9.9005120e+04	
   2.6951952e+00	  -1.5299750e+04	   9.8837690e+04	
   2.6995495e+00	  -1.5298590e+04	   9.8670789e+04	
   2.7039039e+00	  -1.5297429e+04	   9.8504415e+04	
   2.7082583e+00	  -1.5296265e+04	   9.8338565e+04	
   2.7126126e+00	  -1.5295100e+04	   9.8173236e+04	
   2.7169670e+00	  -1.5293933e+04	   9.8008427e+04	
   2.7213213e+00	  -1.5292765e+04	   9.7844134e+04	
   2.7256757e+00	  -1.5291595e+04	   9.7680356e+04	
   2.7300300e+00	  -1.5290423e+04	   9.7517088e+04	
   2.7343844e+00	  -1.5289250e+04	   9.7354331e+04	
   2.7387387e+00	  -1.5288075e+04	   9.7192080e+04	
   2.7430931e+00	  -1.5286898e+04	   9.7030333e+04	
   2.7474474e+00	  -1.5285719e+04	   9.6869089e+04	
   2.7518018e+00	  -1.5284539e+04	   9.6708344e+04	
   2.7561562e+00	  -1.5283357e+04	   9.6548096e+04	
   2.7605105e+00	  -1.5282173e+04	   9.6388343e+04	
   2.7648649e+00	  -1.5280988e+04	   9.6229083e+04	
   2.7692192e+00	  -1.5279801e+04	   9.6070313e+04	
   2.7735736e+00	  -1.5278613e+04	   9.5912031e+04	
   2.7779279e+00	  -1.5277422e+04	   9.5754235e+04	
   2.7822823e+00	  -1.5276230e+04	   9.5596922e+04	
   2.7866366e+00	  -1.5275037e+04	   9.5440090e+04	
   2.7909910e+00	  -1.5273841e+04	   9.5283737e+04	
   2.7953453e+00	  -1.5272644e+04	   9.5127861e+04	
   2.7996997e+00	  -1.5271445e+04	   9.4972459e+04	
   2.8040541e+00	  -1.5270245e+04	   9.4817529e+04	
   2.8084084e+00	  -1.5269043e+04	   9.4663070e+04	
   2.8127628e+00	  -1.5267839e+04	   9.4509078e+04	
   2.8171171e+00	  -1.5266634e+04	   9.4355552e+04	
   2.8214715e+00	  -1.5265427e+04	   9.4202490e+04	
   2.8258258e+00	  -1.5264218e+04	   9.4049889e+04	
   2.8301802e+00	  -1.5263007e+04	   9.3897747e+04	
   2.8345345e+00	  -1.5261795e+04	   9.3746063e+04	
   2.8388889e+00	  -1.5260581e+04	   9.3594833e+04	
   2.8432432e+00	  -1.5259366e+04	   9.3444057e+04	
   2.8475976e+00	  -1.5258149e+04	   9.3293731e+04	
   2.8519520e+00	  -1.5256930e+04	   9.3143854e+04	
   2.8563063e+00	  -1.5255709e+04	   9.2994425e+04	
   2.8606607e+00	  -1.5254487e+04	   9.2845439e+04	
   2.8650150e+00	  -1.5253264e+04	   9.2696897e+04	
   2.8693694e+00	  -1.5252038e+04	   9.2548795e+04	
   2.8737237e+00	  -1.5250811e+04	   9.2401132e+04	
   2.8780781e+00	  -1.5249582e+04	   9.2253906e+04	
   2.8824324e+00	  -1.5248352e+04	   9.2107115e+04	
   2.8867868e+00	  -1.5247120e+04	   9.1960756e+04	
   2.8911411e+00	  -1.5245886e+04	   9.1814829e+04	
   2.8954955e+00	  -1.5244650e+04	   9.1669330e+04	
   2.8998498e+00	  -1.5243413e+04	   9.1524258e+04	
   2.9042042e+00	  -1.5242174e+04	   9.1379612e+04	
   2.9085586e+00	  -1.5240934e+04	   9.1235388e+04	
   2.9129129e+00	  -1.5239692e+04	   9.1091586e+04	
   2.9172673e+00	  -1.5238448e+04	   9.0948203e+04	
   2.9216216e+00	  -1.5237203e+04	   9.0805238e+04	
   2.9259760e+00	  -1.5235956e+04	   9.0662688e+04	
   2.9303303e+00	  -1.5234707e+04	   9.0520553e+04	
   2.9346847e+00	  -1.5233457e+04	   9.0378829e+04	
   2.9390390e+00	  -1.5232205e+04	   9.0237515e+04	
   2.9433934e+00	  -1.5230951e+04	   9.0096610e+04	
   2.9477477e+00	  -1.5229696e+04	   8.9956112e+04	
   2.9521021e+00	  -1.5228439e+04	   8.9816018e+04	
   2.9564565e+00	  -1.5227180e+04	   8.9676327e+04	
   2.9608108e+00	  -1.5225920e+04	   8.9537037e+04	
   2.9651652e+00	  -1.5224658e+04	   8.9398147e+04	
   2.9695195e+00	  -1.5223395e+04	   8.9259654e+04	
   2.9738739e+00	  -1.5222130e+04	   8.9121557e+04	
   2.9782282e+00	  -1.5220863e+04	   8.8983855e+04	
   2.9825826e+00	  -1.5219594e+04	   8.8846545e+04	
   2.9869369e+00	  -1.5218324e+04	   8.8709626e+04	
   2.9912913e+00	  -1.5217053e+04	   8.8573096e+04	
   2.9956456e+00	  -1.5215779e+04	   8.8436953e+04	
   3.0000000e+00	  -1.5214504e+04	   8.8301196e+04	
